        0                         
4                                 
1111111111111111111111111111111111
1111111111111111111111111111111111
            8                     
1111111111111111111111111111111111
1111111111111111111111111111111111
1111111111111111111111111111111111
111111111111111   1111111111111111
1111111111111115251111111111111111
111111111111113 5 1111111111111111
111111111111111 5 1111111111111111
1111111111111115 53111111111111111
111111111111111   3111111111111111
1111111111111111111111111111111111
1111111111111111111111111111111111
1111111111111111111111111111111111
1111111111111111111111111111111111
1111111111111111111111111111111111
1111111111111111111111111111111111