        0                         
4                                 
1111111111111111111111111111111111
1111111111111111111111111111111111
            8                     
1111111111111111111111111111111111
1111111111111111111111111111111111
1111111111111111111111111111111111
1111111111111111111111111111111111
1111111111111111132111111111111111
111111111111111 5 5 11111111111111
11111111111111 355  11111111111111
11111111111111  3 3111111111111111
1111111111111111111111111111111111
1111111111111111111111111111111111
1111111111111111111111111111111111
1111111111111111111111111111111111
1111111111111111111111111111111111
1111111111111111111111111111111111
1111111111111111111111111111111111