        0                         
4                                 
1111111111111111111111111111111111
1111111111111111111111111111111111
            8                     
1111111111111111111111111111111111
1111111111111111111111111111111111
1111111111111111111111111111111111
1111111111111111111111111111111111
1111111111111111231111111111111111
111111111111113 55  11111111111111
11111111111111    1 11111111111111
11111111111111 1111 11111111111111
11111111111111      11111111111111
1111111111111111111111111111111111
1111111111111111111111111111111111
1111111111111111111111111111111111
1111111111111111111111111111111111
1111111111111111111111111111111111
1111111111111111111111111111111111