20*20
11111111111111111111
12000000110010010001
10101010000101000101
10010001010000011011
10101010100101001011
10000100010100110001
11010001010010000101
11001011001001010011
10011000111010001001
11000110000101010011
10010110110100001101
10100001100010100001
10110100010100010101
11010011001110110011
10000100010101000101
10101010100101101101
10101010001000000001
11000011013101010101
11101001000100100011
11111111111111111111

15*15
111111111111111
120110001111111
110110000000111
100000111111111
101111111110011
100001110000011
101000000011111
101011111111111
101011000001111
101000011101111
101111111100111
101100000001111
111001110111111
110011100000003
111111111111111

5*5
11111
12001
10101
10031
11111