size:40*40
1111111111111111111111111111111111111111
1200001000011000000000011000001010010101
1011100011000010101010100011100000100001
1000010101110111010110001000010111011011
1010100000010110000001010010110000000001
1001010101100000110101011001100110110101
1010010010110110010110100110010100001101
1011001010010001001000010001010010100011
1000010101001011100011100100010100101011
1011010000010111101000001101101011011001
1010000101000011010101011001000000000111
1100110011101000000011100100011010101001
1001000101101010110101010101100101011011
1100110000010010011000000110001000000001
1101000101001001100110110000100011010101
1000110011010011010000111010010101001011
1010001010101000000101010101010000100001
1100101000001010101111000100101010010101
1010101011010110100100010001000101010101
1001000110000101010001110101011100101101
1010101001010001001100001010000001101011
1010000010001100010111110000110100001001
1000101001010001100000000111001010100011
1011001011001100001101010000010010010101
1000101010010001100110111101000110100001
1010010001101010001010110100101101010101
1010111010000001100000000101100001001101
1100010011101011001101101010010100010011
1001001000010010010100100000101001000131
1101010010101010110001001010100100101101
1101010100101010001100100100001101101001
1001100110000100100010101010100010000101
1100110011010010010100100011010100101101
1101000100010101001011101101001011010001
1000101001010001011000000000011000001011
1010010100100111000110110101000011011001
1100100010110100011010100010010100000011
1110001001010101010000010101110010110101
1111010010000010001011010000001010100001
1111111111111111111111111111111111111111
