16*64
-37913.313570 -37912.188902 -37912.929464 -37911.698591 -37912.146054 -37912.356326 -37912.615489 -37911.524148 -37911.670392 -37911.822863 -37912.967856 -25062.221248 -25062.518132 -37912.289002 -37912.708083 -37913.286103 -37913.133266 -37912.587168 -26960.428875 -37912.984275 -37911.339022 -22127.004495 -37913.077906 -37913.306734 -37913.298250 -37912.560312 -26959.660175 -37912.173703 -37912.112544 -22126.681548 -37912.983604 -37911.989982 -37912.414495 -37912.611827 -37913.201994 -13904.472440 -13904.121172 -37911.710860 -37912.276307 -37912.712172 -37911.564127 -37911.862720 -15926.806645 -37911.464636 -37912.237365 -28329.826613 -37912.391911 -37912.845416 -37911.591593 -37912.896870 -15927.159134 -37911.628765 -37911.322481 -28328.111900 -37912.093074 -37912.531197 -37912.783646 -37912.721511 -37911.635784 -22729.987761 -22729.283516 -37913.130825 -37911.961661 -37913.203642 
0.837429 -0.448377 -0.454359 0.175665 0.382215 0.675070 0.452834 -0.030274 -0.589434 0.487320 -0.063234 -0.084432 0.897959 0.488724 -0.783593 0.197944 -0.229682 0.469864 0.217397 0.144658 -0.277474 -0.697321 -0.549943 -0.149845 0.605610 0.034059 0.979445 0.502946 -0.309030 -0.662469 0.314463 -0.016357 -0.873073 0.399366 0.009461 -0.704738 0.899437 -0.717001 0.810084 0.385633 -0.394054 -0.147037 -0.860704 0.933074 0.366223 -0.693944 0.754357 0.643209 0.163946 -0.617450 -0.645670 0.634236 -0.049622 -0.689305 0.007691 0.463882 -0.188970 -0.440992 0.137334 0.364140 0.511361 0.443679 -0.049561 -0.754112 
0.695160 -0.904010 0.059826 0.351766 -0.121759 -0.764845 0.924476 0.868566 0.124891 -0.282226 -0.030753 -0.232628 0.711370 -0.340455 -0.062004 -0.430424 0.991739 -0.378603 0.494010 0.160354 -0.582223 0.538929 0.704682 -0.178890 0.027598 0.806125 -0.929434 1.015055 0.170974 -0.882684 0.088452 -0.586068 0.711884 0.279315 0.341023 -0.588635 0.699978 -0.727552 -0.754347 0.512049 -0.346070 0.907935 -0.407918 -0.301575 -0.693676 0.479232 0.695038 0.441795 0.226274 0.520228 -0.474631 -0.685253 -0.970967 -0.864925 0.638274 0.731050 -0.553047 -0.742994 0.132216 -0.953899 -0.754857 -0.065178 0.530238 0.398093 
-0.853768 -0.128099 -0.597656 0.390899 -0.420832 -0.128160 -0.536680 0.154198 0.063619 0.255824 -0.681155 0.007447 0.925261 0.389984 0.848066 -0.621644 -0.329643 -0.644838 0.989824 -0.086654 0.994494 -0.805695 0.248805 -0.812751 -0.126084 0.861495 -0.903666 0.787701 -0.421504 -0.546105 0.536595 -0.180102 -0.597595 0.254604 0.206751 -0.097331 -0.067850 0.194116 0.267910 0.708048 0.656044 0.248012 0.441074 0.129966 -0.251271 -0.632155 0.474276 0.108725 0.808637 -0.515806 -0.622862 0.207910 0.395477 0.168529 -0.298941 -0.012617 -0.840767 0.479952 0.222559 0.239911 0.381395 0.607520 -0.703311 0.150535 
0.836048 0.242341 0.468300 -0.900639 0.348484 0.965995 -0.357043 0.151334 -0.375415 -0.639217 -0.769958 0.748346 0.712701 0.501565 -0.677304 -0.333239 -0.828371 -0.833864 0.294065 0.652937 0.103115 -0.091390 -0.169110 -0.389576 -0.055947 0.015344 -0.682588 -0.340990 0.488930 -0.360136 0.666304 0.931082 0.759629 0.462989 -0.386951 0.898316 -0.735218 -0.855593 0.582866 0.062098 0.232208 0.925162 -0.839386 0.764207 0.320651 -0.347207 -0.777466 0.023035 -0.532891 -0.406483 0.856039 0.115261 0.338535 -0.762381 -0.001991 -0.228804 0.006555 0.599651 0.031458 -0.223983 0.387608 0.077235 0.225494 -0.196699 
0.423244 -0.791270 0.253622 0.733984 -0.009508 0.502165 0.001295 -0.232293 0.578217 0.113115 -0.278315 0.916849 0.267110 -0.639349 -0.244013 -0.729257 0.494047 0.910930 0.227332 -0.936844 -0.332821 -0.882353 0.285911 -0.729257 0.701634 0.736120 0.197119 0.450772 0.715428 -0.964814 -0.739572 0.423305 0.241781 -0.557377 -0.860608 -0.654641 0.255727 -0.310543 -0.353696 -0.257380 0.329491 0.612276 0.621657 0.060562 0.229696 0.597951 0.808693 -0.702889 0.267844 -0.187675 -0.484700 -0.719430 0.717870 -0.866083 -0.136893 0.154193 -0.387938 0.103593 -0.541385 -0.371056 -0.772497 0.623568 -0.723092 -0.424011 
0.820207 0.609018 0.517341 0.260192 -0.248002 0.743056 -0.513269 0.756911 -0.511377 -0.471154 0.114558 0.985977 -0.876079 -0.807407 0.079095 -0.116651 -0.780917 -0.452659 0.795751 -0.504724 -0.677154 -0.734299 0.893024 -0.810031 -0.876073 -0.852818 -0.314512 0.859148 -0.173049 -0.118924 0.922077 0.704114 0.098200 0.713941 0.416813 -0.186772 -0.463819 -0.961586 0.080926 0.939351 -0.172866 -0.488061 0.184918 -0.459984 0.397769 0.905248 -0.099255 0.810196 -0.955910 0.911701 0.216902 0.602060 0.183102 -0.700453 -0.525599 -0.204239 -0.961708 -0.134412 -0.805759 0.334684 0.725016 -0.840550 0.651866 0.353884 
0.590955 0.045834 0.356817 -0.728909 0.364569 0.441353 0.541027 -0.952305 0.722917 0.274600 0.398689 -0.839245 0.093828 0.881369 -0.896883 -0.464497 -0.724087 0.949120 0.231057 -0.429950 0.830525 -0.275128 0.374640 -0.577171 -0.702602 -0.533347 0.033969 0.790119 -0.801604 0.795095 -0.130991 -0.854218 0.549755 -0.670863 0.934349 0.543231 0.732262 -0.593163 -0.101205 -1.006933 0.486826 -0.786345 -0.204695 -0.392168 0.970789 -0.929808 -0.510275 -0.635889 -0.519064 -0.707424 0.226532 0.756304 0.863730 -0.615650 0.544872 0.276676 0.299076 0.803852 -0.103524 0.832292 0.318055 -0.712918 0.258242 0.124632 
0.889912 0.085016 0.161007 0.076776 -0.485558 -0.202224 -0.295611 -0.922888 0.594370 -0.603115 -0.855564 -0.214686 0.187975 -0.854282 -0.600796 -0.684355 0.292542 -0.087474 0.215688 0.398564 -0.113537 0.374983 -0.203078 0.675305 0.188291 -0.596950 0.906016 0.755874 -0.212722 0.980958 -0.625516 0.795304 0.152767 -0.112011 0.258545 0.421050 -0.896739 -0.425009 -0.475731 -0.180861 0.794511 0.424260 0.473284 0.795976 -0.208999 -0.203242 0.811601 -0.378926 -0.219925 0.145016 -0.276495 0.471259 0.494575 0.474696 0.482734 -0.717498 -0.595791 -0.450950 0.364749 0.829841 -0.256740 0.039178 -0.777376 0.818742 
nan nan nan nan nan nan nan nan nan nan nan nan nan nan nan nan nan nan nan nan nan nan nan nan nan nan nan nan nan nan nan nan nan nan nan nan nan nan nan nan nan nan nan nan nan nan nan nan nan nan nan nan nan nan nan nan nan nan nan nan nan nan nan nan 
0.715388 0.873047 -0.196688 0.454089 0.222697 0.616264 0.750362 0.164712 0.189554 -0.842460 0.585868 -0.075842 0.181002 0.178384 0.137917 0.631645 0.345015 -0.313330 -0.979833 -0.465861 -0.317358 -0.536061 0.541555 -0.256993 0.739254 -0.766774 0.450875 0.257366 0.787412 -0.634209 0.070654 0.803526 0.559683 0.929933 -0.605758 0.802862 0.594604 0.906312 0.697138 0.780209 0.256939 -0.629563 0.233646 -0.470500 -0.499188 0.464079 0.575735 -0.658616 0.427293 -0.038602 -0.837248 0.612602 0.710200 -0.751046 -0.385537 0.146157 -0.054533 0.523610 -0.616745 0.455329 0.989830 -0.969783 0.294782 0.382797 
-0.857465 -0.451752 0.351556 0.676151 0.111620 -0.259241 0.557312 -0.536655 0.274772 -0.538364 -0.592503 0.940412 -0.438170 -0.955918 0.536742 -0.698036 -0.907760 -0.983201 -0.298100 0.286063 -0.315212 -0.176150 -0.168662 -0.820355 0.088670 0.396846 -0.319280 0.313347 0.750799 0.065679 0.138354 -0.893721 -0.070149 -0.481721 -0.148093 0.714447 -0.039055 -0.826825 0.129931 0.417110 0.555237 0.726751 0.695508 -0.415679 0.727056 0.296294 0.492002 0.655582 0.529540 0.742132 0.811051 0.823372 0.042221 -0.113203 -0.786418 -0.293666 0.644412 -0.146262 -0.662025 -1.000526 0.312686 0.545410 -0.874250 -0.822064 
0.368339 0.615783 -0.691264 -0.713726 -0.902513 -0.307158 -0.962329 0.957407 0.295827 -0.892137 0.828863 0.275344 -0.136167 -0.957324 -0.514257 -0.215541 0.308583 0.564329 -0.953730 0.652649 -0.722576 0.268908 0.101363 0.967539 -0.072593 -0.569861 -0.397988 0.564878 -0.314360 -0.038413 0.216601 -0.794417 0.969431 0.512203 -0.697673 -0.086845 0.423608 0.998058 0.551572 0.283863 0.242969 0.892769 0.376836 -0.419832 0.134872 -0.418728 0.097029 0.425286 -0.506566 0.093916 -0.014228 0.904671 0.340201 0.530825 0.247302 -0.107933 0.598082 0.491633 0.978404 -0.590344 0.259352 0.820196 0.183152 0.837347 
-0.018544 -0.097892 0.781347 0.883462 -0.631477 -0.493412 -0.591315 0.463649 0.884926 0.252827 -0.914628 0.288868 -0.924792 0.115372 0.091628 -0.104667 -0.874588 0.994732 -0.737824 0.204486 -0.896622 -0.650508 0.323142 -0.332457 -0.365417 0.309836 -0.172255 -0.142327 -0.554082 0.360936 -0.664437 -0.002247 0.017957 0.608124 -0.127189 -0.987592 -0.317650 -0.245540 -0.740184 0.657319 0.469264 0.784948 0.301273 0.303854 0.031629 0.469861 0.477016 0.916849 -0.065664 -0.270809 -0.761015 0.811987 0.645112 -0.088506 -0.779980 0.741550 0.525418 -0.919084 -0.163995 0.877501 -0.859246 -0.667611 -0.574774 -0.763500 
-0.769292 0.230555 0.154198 0.374603 0.457125 0.825300 0.333464 -0.408990 0.611732 -0.249623 0.989001 0.543322 -0.592882 -0.664858 -0.229481 -0.643556 0.155968 -0.614746 0.919624 -0.625489 -0.242543 -0.391442 -0.764348 -0.609680 -0.913522 0.536351 0.521419 0.756084 -1.002453 -0.102187 -0.153245 0.597083 -0.083297 -0.016278 0.492770 -0.525618 0.116186 -0.820502 0.838057 0.781659 0.708048 -0.886727 -0.014021 0.258083 0.488437 0.508314 -0.494503 0.813825 0.577978 -0.606750 0.109885 -0.903512 0.038350 0.576920 0.402314 -0.957896 0.457491 0.100730 0.822431 0.750312 0.593081 -0.395135 -0.216114 -0.042219 
0.261427 -1.040797 0.494650 0.469869 -0.603040 -0.732988 -0.927452 0.298721 -0.977136 -0.350774 0.353227 0.571538 -0.152239 0.920932 0.228589 -0.451912 -0.088559 0.706204 -0.870019 -0.840535 -0.756060 -0.740329 0.793487 -0.425056 -0.294864 0.585168 -0.935328 0.585900 -0.562511 0.769422 -0.529490 -0.503794 -0.626478 -0.583752 0.649806 0.727262 0.752959 0.647059 0.176037 -0.960717 -0.695450 -0.675003 -0.318532 -0.143981 -0.672378 0.765564 0.203564 0.050178 0.780852 0.002691 0.430942 0.956151 0.896151 0.711485 0.637904 -0.749163 -0.293704 -0.473764 -0.700577 0.923085 0.459204 0.390704 -0.980737 0.247572 
16*1
-75825.614566
-0.264689
0.138483
0.732389
-0.962354
0.591202
0.442468
-0.184802
-0.586122
nan
-0.652693
-0.232066
0.012199
0.187563
-0.906821
0.540405
10*16
0.468453 0.620752 -0.759793 0.428174 -0.265214 0.296197 0.825446 0.766986 -0.950044 0.546698 -0.120726 -0.991317 -0.560515 -0.167250 -0.703014 0.834918 
-0.514904 0.506029 0.811148 -0.574791 -0.938657 0.541713 -0.544393 0.110844 0.610241 0.703979 -0.340232 0.076671 0.980240 0.737880 0.290817 -0.545182 
-0.260334 -0.274976 -0.935257 0.116955 -0.213687 -0.762103 -0.352708 0.789409 -0.604342 0.880250 -0.760253 0.694185 0.777763 -0.110807 -0.563960 0.267090 
0.245429 -0.165954 -0.975458 0.720215 -0.733788 -0.467966 -0.420138 0.352580 0.111521 0.917482 0.198928 0.571113 -0.169558 0.633284 0.465794 -0.731636 
-0.961636 -0.994520 0.491146 -0.337183 0.796068 -0.077275 0.533324 -0.905913 0.254553 -0.951815 0.354881 0.934803 -0.008707 0.410575 -0.476586 0.642955 
0.193865 -0.475783 0.686674 -0.081760 0.493493 -0.297495 -0.971973 -0.049228 0.250546 -0.192282 -0.236120 -0.945867 -0.425560 0.192990 0.764825 -0.136323 
-0.234489 0.064197 -0.981113 0.947202 0.728396 -0.125635 0.398606 -0.335732 0.202944 -0.002932 0.116848 -0.922854 -0.245866 -0.534429 0.872631 0.718580 
0.211087 0.133328 -0.870031 -0.206839 -0.423496 -0.010662 -0.850674 0.722384 -0.421384 0.562559 0.825062 0.162814 -0.606852 -0.450882 0.087082 0.741487 
-0.394862 0.466199 0.743470 -0.530781 -0.607582 -0.103407 0.782968 0.156252 -0.934742 0.990893 -0.868361 0.240951 -0.473324 -0.654980 -0.757772 -0.535318 
0.919052 -0.903851 -0.841874 -0.326051 -0.442609 0.030778 -0.019512 -0.177463 0.847320 0.202071 -0.418213 -0.049045 -0.199068 0.902311 0.094378 0.669189 
10*1
-0.015205
0.622115
0.109720
0.017438
0.283220
0.859723
0.925818
-0.540843
0.003013
0.586325
